  1.9493190886243647e+002
  5.9038822637641317e+001
  1.3289606596819979e+002
  1.5967310562901517e+002
  1.3481160392794658e+002
  4.6549917108874598e+002
  9.9894065112791097e+001
  1.0485905754394571e+001
  6.5462581766620758e+002
  1.4971521551899417e+002
  2.2359767232667610e+002
  6.4455682428419595e+002
  7.8212560050891307e+002
  4.0550072942494694e+002
  4.8012123042621795e+001
  1.4205994363059850e+002
  3.3466972608249534e+002
  2.7303889992283410e+002
  7.4840353426667519e+001
  4.7958930527001428e+002
  1.3917334994585765e+001
  5.2518314099616887e+001
  6.3101556672654658e+002
  6.2961602924973468e+000
  1.5994370434302974e+001
  5.0168782106540050e+001
  3.7911544400580098e+001
  1.9349824527210532e+002
  7.7308847672566202e+001
  4.3124228967224582e+001
  9.3476407925890665e+000
  6.1464505194229002e+002
  1.3201702339846122e+002
  8.5502283129509385e+002
  4.7346771457952890e+001
  2.2253218920878791e+002
  2.2006577518599983e+002
  8.5363117466765573e+001
  6.2467271635708912e+001
  3.9002198227744702e+002
  1.0870364544461309e+002
  1.4519111377306010e-001
  4.8473073087505281e+002
  3.8225337569222127e+001
  2.3451674749797360e+002
  2.0709904958274916e+002
  1.6617902784099732e+002
  1.1113009320374081e+002
  8.6323098713955577e+000
  6.4176460543737903e+001
