  9.5012928514717547e+000  1.9343115640521509e+000
  2.3113851357428783e+000  6.8222322359138357e+000
  6.0684258354178660e+000  3.0276440077660900e+000
  4.8598246870929973e+000  5.4167385389808764e+000
  8.9129896614890161e+000  1.5087297614976465e+000
  7.6209683302739473e+000  6.9789848185986338e+000
  4.5646766516834134e+000  3.7837300051267109e+000
  1.8503643248224400e-001  8.6001160488681965e+000
  8.2140716429525327e+000  8.5365513066276772e+000
  4.4470336435319417e+000  5.9356291253968161e+000
  6.1543234810009473e+000  4.9655244970310282e+000
  7.9193703742703541e+000  8.9976917516960988e+000
  9.2181297074480248e+000  8.2162916073534280e+000
  7.3820724581066530e+000  6.4491038419384434e+000
  1.7626614449461799e+000  8.1797434083924507e+000
  4.0570621306209551e+000  6.6022755644160238e+000
  9.3546969910760538e+000  3.4197061827021575e+000
  9.1690443991340764e+000  2.8972589585623814e+000
  4.1027020699094532e+000  3.4119356941488350e+000
  8.9364953091353367e+000  5.3407901762660046e+000
  5.7891304784268560e-001  7.2711321692967692e+000
  3.5286813221700037e+000  3.0929015979095773e+000
  8.1316649730375783e+000  8.3849604493808059e+000
  9.8613006609235609e-002  5.6807246100777578e+000
  1.3889088195694987e+000  3.7041355663211650e+000
  2.0276521856027316e+000  7.0273991324037688e+000
  1.9872174266148965e+000  5.4657115182910623e+000
  6.0379247919381926e+000  4.4488020467291216e+000
  2.7218792496996036e+000  6.9456724042554754e+000
  1.9881426776106215e+000  6.2131013079541342e+000
  1.5273927029036269e-001  7.9482108020092648e+000
  7.4678567656442931e+000  9.5684344844487708e+000
  4.4509643228794680e+000  5.2259034908070774e+000
  9.3181457846166467e+000  8.8014220741132725e+000
  4.6599434167542402e+000  1.7295614127523660e+000
  4.1864946772750624e+000  9.7974689678884097e+000
  8.4622141782432454e+000  2.7144725864179984e+000
  5.2515249630517236e+000  2.5232934687399036e+000
  2.0264735765038728e+000  8.7574189981807429e+000
  6.7213746847428846e+000  7.3730598846525570e+000
  8.3811844505238682e+000  1.3651874225970972e+000
  1.9639513864817498e-001  1.1756687353117969e-001
  6.8127716128213534e+000  8.9389796644525337e+000
  3.7948101802799803e+000  1.9913806720573830e+000
  8.3179601760960651e+000  2.9872301210221446e+000
  5.0281288399625090e+000  6.6144257638232498e+000
  7.0947139270338679e+000  2.8440858974994461e+000
  4.2889236534099675e+000  4.6922428521100104e+000
  3.0461736686939433e+000  6.4781122963272486e-001
  1.8965374754717499e+000  9.8833493827763075e+000
